Valeur aléatoire              myULP                         Math.ulp                      Différence                    
-------------------------------------------------------------------------------------------------------------------
105442508.0966717700          8.0000000000e+00              8.0000000000e+00              0.0                           
204188473.0441630000          1.6000000000e+01              1.6000000000e+01              0.0                           
336772314.4132407300          3.2000000000e+01              3.2000000000e+01              0.0                           
941840309.9522254000          6.4000000000e+01              6.4000000000e+01              0.0                           
861096882.0621190000          6.4000000000e+01              6.4000000000e+01              0.0                           
965441084.8371772000          6.4000000000e+01              6.4000000000e+01              0.0                           
7724054.5829050370            5.0000000000e-01              5.0000000000e-01              0.0                           
325635554.5025673000          3.2000000000e+01              3.2000000000e+01              0.0                           
994528292.6258913000          6.4000000000e+01              6.4000000000e+01              0.0                           
586214725.3477075000          6.4000000000e+01              6.4000000000e+01              0.0                           
