Valeur aléatoire              myULP                         Math.ulp                      Différence                    
-------------------------------------------------------------------------------------------------------------------
0.6167369748                  5.9604644775e-08              5.9604644775e-08              0.0                           
0.1069164362                  7.4505805969e-09              7.4505805969e-09              0.0                           
0.6077691081                  5.9604644775e-08              5.9604644775e-08              0.0                           
0.3127717291                  2.9802322388e-08              2.9802322388e-08              0.0                           
0.8496606263                  5.9604644775e-08              5.9604644775e-08              0.0                           
0.7564326526                  5.9604644775e-08              5.9604644775e-08              0.0                           
0.9395998555                  5.9604644775e-08              5.9604644775e-08              0.0                           
0.2910864603                  2.9802322388e-08              2.9802322388e-08              0.0                           
0.3640650596                  2.9802322388e-08              2.9802322388e-08              0.0                           
0.9413396469                  5.9604644775e-08              5.9604644775e-08              0.0                           
