Valeur aléatoire    myAsin              Math.asin           Diff ULP Asin       
-------------------------------------------------------------------------------------------------------------------
5.5850536564        1.3936244249        1.3936243959        0.0000000000        
2.1610709152        1.1374038458        1.1374037863        0.0000000000        
1.8011469056        1.0639681816        1.0639681874        0.0000000000        
1.8143160018        1.0670540333        1.0670538290        1.0000000000        
8.7893359566        1.4575092793        1.4575092308        0.0000000000        
3.8452250125        1.3163695335        1.3163694416        0.0000000000        
0.6162862208        0.5523086786        0.5523086735        0.0000000000        
2.0106023225        1.1092602015        1.1092602244        0.0000000000        
8.8059169796        1.4577207565        1.4577207284        0.0000000000        
9.2925499594        1.4635958672        1.4635957829        0.0000000000